|-StatusID=1
|       283
|       164
|       705
|------StatusID=2
|             283
|             104
|             765
|------StatusID=3
|             283
|             164
|             750
|-----------StatusID=5
|                  203
|                  184
|                  765
|------StatusID=4
|             283
|             164
|             075
|-----------StatusID=8
|                  283
|                  160
|                  754
|----------------StatusID=10
|                       023
|                       184
|                       765
|-----------StatusID=11
|                  283
|                  064
|                  175
|----------------StatusID=12
|                       280
|                       163
|                       754
|---------------------StatusID=14
|                            123
|                            084
|                            765
|--------------------------StatusID=19
|                                 123
|                                 804
|                                 765
